0 -0.00025404
0 -0.00025404
5 -0.0010956
5 -0.0010956
5 -0.0010956
10 -0.0025132
10 -0.0025132
10 -0.0025132
15 -0.0043555
15 -0.0043555
20 -0.0061055
20 -0.0061055
20 -0.0061055
25 -0.0074576
25 -0.0074576
25 -0.0074576
30 -0.0081983
30 -0.0081983
30 -0.0081983
35 -0.0080345
35 -0.0080345
35 -0.0080345
40 -0.006091
40 -0.006091
45 -0.00030542
45 -0.00030542
45 -0.00030542
50 0.012524
50 0.012524
50 0.012524
55 0.034283
55 0.034283
55 0.034283
60 0.061992
60 0.061992
60 0.061992
65 0.086406
65 0.086406
65 0.086406
70 0.095741
70 0.095741
75 0.082544
75 0.082544
75 0.082544
80 0.04874
80 0.04874
80 0.04874
85 0.0045718
85 0.0045718
85 0.0045718
90 -0.036893
90 -0.036893
90 -0.036893
95 -0.065971
95 -0.065971
100 -0.079004
100 -0.079004
100 -0.079004
105 -0.077691
105 -0.077691
105 -0.077691
110 -0.067107
110 -0.067107
110 -0.067107
115 -0.053187
115 -0.053187
115 -0.053187
120 -0.040529
120 -0.040529
120 -0.040529
125 -0.031016
125 -0.031016
130 -0.024074
130 -0.024074
130 -0.024074
135 -0.017589
135 -0.017589
135 -0.017589
140 -0.0096312
140 -0.0096312
140 -0.0096312
145 0.00079246
145 0.00079246
145 0.00079246
150 0.013262
150 0.013262
155 0.026113
155 0.026113
155 0.026113
160 0.036915
160 0.036915
160 0.036915
165 0.043521
165 0.043521
165 0.043521
170 0.045025
170 0.045025
170 0.045025
175 0.042275
175 0.042275
180 0.037279
180 0.037279
180 0.037279
185 0.032212
185 0.032212
185 0.032212
190 0.028434
190 0.028434
190 0.028434
195 0.026344
195 0.026344
195 0.026344
200 0.025807
200 0.025807
200 0.025807
205 0.026179
205 0.026179
210 0.026769
210 0.026769
210 0.026769
215 0.026995
215 0.026995
215 0.026995
220 0.026468
220 0.026468
220 0.026468
225 0.025121
225 0.025121
225 0.025121
230 0.022625
230 0.022625
235 0.018685
235 0.018685
235 0.018685
240 0.01374
240 0.01374
240 0.01374
245 0.0087897
245 0.0087897
245 0.0087897
250 0.0049452
250 0.0049452
250 0.0049452
255 0.0025262
255 0.0025262
255 0.0025262
260 0.00086326
260 0.00086326
265 -0.00091644
265 -0.00091644
265 -0.00091644
270 -0.0030988
270 -0.0030988
270 -0.0030988
275 -0.0051151
275 -0.0051151
275 -0.0051151
280 -0.0058929
280 -0.0058929
280 -0.0058929
285 -0.0050887
285 -0.0050887
290 -0.0032645
290 -0.0032645
290 -0.0032645
295 -0.0014351
295 -0.0014351
295 -0.0014351
300 -0.00035424
300 -0.00035424
300 -0.00035424
