0 0.00028764
0 0.00057591
5 0.00097293
5 0.0014769
5 0.0021634
10 0.002903
10 0.0036794
10 0.0046058
15 0.0054205
15 0.0062049
20 0.0070717
20 0.0076843
20 0.0083534
25 0.0091086
25 0.0096415
25 0.010525
30 0.011571
30 0.012576
30 0.014099
35 0.01576
35 0.017385
35 0.019184
40 0.020595
40 0.021278
45 0.020975
45 0.018952
45 0.014725
50 0.0077889
50 -0.002489
50 -0.016402
55 -0.034192
55 -0.055927
55 -0.081257
60 -0.10972
60 -0.14055
60 -0.17269
65 -0.20499
65 -0.23616
65 -0.26485
70 -0.28984
70 -0.31004
75 -0.32461
75 -0.33297
75 -0.33498
80 -0.33074
80 -0.32064
80 -0.30555
85 -0.28628
85 -0.26384
85 -0.23957
90 -0.21436
90 -0.1892
90 -0.16515
95 -0.14267
95 -0.12231
100 -0.10453
100 -0.089254
100 -0.076594
105 -0.066459
105 -0.058384
105 -0.052126
110 -0.047254
110 -0.043068
110 -0.039106
115 -0.034873
115 -0.029574
115 -0.022856
120 -0.014446
120 -0.0037809
120 0.0089282
125 0.023514
125 0.040028
130 0.057573
130 0.075633
130 0.093839
135 0.11103
135 0.12676
135 0.14064
140 0.15188
140 0.16046
140 0.16624
145 0.16911
145 0.16945
145 0.1674
150 0.16332
150 0.15771
155 0.15085
155 0.14326
155 0.13536
160 0.12744
160 0.11993
160 0.11309
165 0.1071
165 0.10222
165 0.098451
170 0.095824
170 0.094322
170 0.093761
175 0.093995
175 0.0948
180 0.095939
180 0.097226
180 0.098387
185 0.099349
185 0.10001
185 0.10018
190 0.10002
190 0.099501
190 0.098483
195 0.097296
195 0.095834
195 0.094047
200 0.092182
200 0.090042
200 0.087642
205 0.085075
205 0.082102
210 0.078789
210 0.075119
210 0.070901
215 0.066286
215 0.06127
215 0.055798
220 0.050127
220 0.044306
220 0.038412
225 0.032742
225 0.027346
225 0.022372
230 0.018019
230 0.014237
235 0.011113
235 0.0086644
235 0.0067028
240 0.0052528
240 0.0042006
240 0.0033001
245 0.0025807
245 0.0018903
245 0.0010289
250 0.00010667
250 -0.00099322
250 -0.0023121
255 -0.0037042
255 -0.0052207
255 -0.0067662
260 -0.008189
260 -0.0094985
265 -0.010548
265 -0.011258
265 -0.011677
270 -0.011716
270 -0.0114
270 -0.010833
275 -0.0099989
275 -0.0089938
275 -0.0079243
280 -0.0068154
280 -0.0057481
280 -0.0047665
285 -0.0038749
285 -0.0030946
290 -0.0024225
290 -0.0018493
290 -0.0013753
295 -0.00098822
295 -0.00067837
295 -0.00043987
300 -0.00026161
300 -0.00013651
300 -5.7128e-05
